Accuracy: 0.6355685131195336
              precision    recall  f1-score   support

           3       0.00      0.00      0.00         0
           4       0.50      0.11      0.18         9
           5       0.67      0.73      0.70       143
           6       0.63      0.62      0.63       146
           7       0.58      0.54      0.56        41
           8       0.00      0.00      0.00         4

    accuracy                           0.64       343
   macro avg       0.40      0.33      0.34       343
weighted avg       0.63      0.64      0.63       343
